solid d4vd_bust
  facet normal 0.000000e+00 0.000000e+00 0.000000e+00
    outer loop
      vertex 0.000000e+00 0.000000e+00 6.000000e+01
      vertex 0.000000e+00 0.000000e+00 6.000000e+01
      vertex 4.635255e+00 7.341523e-01 5.963065e+01
    endloop
  endfacet
  facet normal -7.845760e-02 -6.174747e-03 -9.968983e-01
    outer loop
      vertex 0.000000e+00 0.000000e+00 6.000000e+01
      vertex 4.635255e+00 7.341523e-01 5.963065e+01
      vertex 4.693034e+00 0.000000e+00 5.963065e+01
    endloop
  endfacet
  facet normal 0.000000e+00 0.000000e+00 0.000000e+00
    outer loop
      vertex 0.000000e+00 0.000000e+00 6.000000e+01
      vertex 0.000000e+00 0.000000e+00 6.000000e+01
      vertex 4.463341e+00 1.450227e+00 5.963065e+01
    endloop
  endfacet
  facet normal -7.652571e-02 -1.837220e-02 -9.968983e-01
    outer loop
      vertex 0.000000e+00 0.000000e+00 6.000000e+01
      vertex 4.463341e+00 1.450227e+00 5.963065e+01
      vertex 4.635255e+00 7.341523e-01 5.963065e+01
    endloop
  endfacet
  facet normal 0.000000e+00 0.000000e+00 0.000000e+00
    outer loop
      vertex 0.000000e+00 0.000000e+00 6.000000e+01
      vertex 0.000000e+00 0.000000e+00 6.000000e+01
      vertex 4.181524e+00 2.130593e+00 5.963065e+01
    endloop
  endfacet
  facet normal -7.270951e-02 -3.011727e-02 -9.968983e-01
    outer loop
      vertex 0.000000e+00 0.000000e+00 6.000000e+01
      vertex 4.181524e+00 2.130593e+00 5.963065e+01
      vertex 4.463341e+00 1.450227e+00 5.963065e+01
    endloop
  endfacet
  facet normal 0.000000e+00 0.000000e+00 0.000000e+00
    outer loop
      vertex 0.000000e+00 0.000000e+00 6.000000e+01
      vertex 0.000000e+00 0.000000e+00 6.000000e+01
      vertex 3.796744e+00 2.758496e+00 5.963065e+01
    endloop
  endfacet
  facet normal -6.710296e-02 -4.112074e-02 -9.968983e-01
    outer loop
      vertex 0.000000e+00 0.000000e+00 6.000000e+01
      vertex 3.796744e+00 2.758496e+00 5.963065e+01
      vertex 4.181524e+00 2.130593e+00 5.963065e+01
    endloop
  endfacet
  facet normal 0.000000e+00 0.000000e+00 0.000000e+00
    outer loop
      vertex 0.000000e+00 0.000000e+00 6.000000e+01
      vertex 0.000000e+00 0.000000e+00 6.000000e+01
      vertex 3.318476e+00 3.318476e+00 5.963065e+01
    endloop
  endfacet
  facet normal -5.984411e-02 -5.111170e-02 -9.968983e-01
    outer loop
      vertex 0.000000e+00 0.000000e+00 6.000000e+01
      vertex 3.318476e+00 3.318476e+00 5.963065e+01
      vertex 3.796744e+00 2.758496e+00 5.963065e+01
    endloop
  endfacet
  facet normal 0.000000e+00 0.000000e+00 0.000000e+00
    outer loop
      vertex 0.000000e+00 0.000000e+00 6.000000e+01
      vertex 0.000000e+00 0.000000e+00 6.000000e+01
      vertex 2.758496e+00 3.796744e+00 5.963065e+01
    endloop
  endfacet
  facet normal -5.111170e-02 -5.984411e-02 -9.968983e-01
    outer loop
      vertex 0.000000e+00 0.000000e+00 6.000000e+01
      vertex 2.758496e+00 3.796744e+00 5.963065e+01
      vertex 3.318476e+00 3.318476e+00 5.963065e+01
    endloop
  endfacet
  facet normal 0.000000e+00 0.000000e+00 0.000000e+00
    outer loop
      vertex 0.000000e+00 0.000000e+00 6.000000e+01
      vertex 0.000000e+00 0.000000e+00 6.000000e+01
      vertex 2.130593e+00 4.181524e+00 5.963065e+01
    endloop
  endfacet
  facet normal -4.112074e-02 -6.710296e-02 -9.968983e-01
    outer loop
      vertex 0.000000e+00 0.000000e+00 6.000000e+01
      vertex 2.130593e+00 4.181524e+00 5.963065e+01
      vertex 2.758496e+00 3.796744e+00 5.963065e+01
    endloop
  endfacet
  facet normal 0.000000e+00 0.000000e+00 0.000000e+00
    outer loop
      vertex 0.000000e+00 0.000000e+00 6.000000e+01
      vertex 0.000000e+00 0.000000e+00 6.000000e+01
      vertex 1.450227e+00 4.463341e+00 5.963065e+01
    endloop
  endfacet
  facet normal -3.011727e-02 -7.270951e-02 -9.968983e-01
    outer loop
      vertex 0.000000e+00 0.000000e+00 6.000000e+01
      vertex 1.450227e+00 4.463341e+00 5.963065e+01
      vertex 2.130593e+00 4.181524e+00 5.963065e+01
    endloop
  e